# Image list with Scale=3.5 and Noise
1 0.923880 0.000000 0.000000 0.382683 -2.42 5.11 -14.28 1 frame_001.jpg
0 0 0
2 0.707107 0.000000 0.000000 0.707107 -6.55 1.22 -14.32 1 frame_002.jpg
0 0 0
3 0.382683 0.000000 0.000000 0.923880 -8.11 -4.55 -14.09 1 frame_003.jpg
0 0 0
4 0.000000 0.000000 0.000000 1.000000 -5.22 -8.99 -13.96 1 frame_004.jpg
0 0 0
5 -0.382683 0.000000 0.000000 0.923880 0.11 -9.55 -13.88 1 frame_005.jpg
0 0 0
6 -0.707107 0.000000 0.000000 0.707107 5.22 -8.99 -13.46 1 frame_006.jpg
0 0 0
7 -0.923880 0.000000 0.000000 0.382683 8.11 -4.55 -13.30 1 frame_007.jpg
0 0 0
8 -1.000000 0.000000 0.000000 0.000000 6.55 1.22 -13.12 1 frame_008.jpg
0 0 0
9 -0.923880 0.000000 0.000000 -0.382683 2.42 5.11 -12.91 1 frame_009.jpg
0 0 0
10 -0.707107 0.000000 0.000000 -0.707107 -0.11 6.55 -12.82 1 frame_010.jpg
0 0 0
